           0.00        0.00000
          10.00        0.92260
          20.00        1.77427
          30.00        2.56047
          40.00        3.28621
          50.00        3.95616
          60.00        4.57460
          70.00        5.14549
          80.00        5.67249
          90.00        6.15897
         100.00        6.60805
         110.00        7.02261
         120.00        7.40529
         130.00        7.75854
         140.00        8.08464
         150.00        8.38567
         160.00        8.66355
         170.00        8.92007
         180.00        9.15687
         190.00        9.37546
         200.00        9.57724
         210.00        9.76351
         220.00        9.93546
         230.00       10.09419
         240.00       10.24072
         250.00       10.37598
         260.00       10.50084
         270.00       10.61610
         280.00       10.72250
         290.00       10.82072
         300.00       10.91138
         310.00       10.99508
         320.00       11.07234
         330.00       11.14366
         340.00       11.20950
         350.00       11.27028
         360.00       11.32638
         370.00       11.37817
         380.00       11.42598
         390.00       11.47011
         400.00       11.51085
         410.00       11.54846
         420.00       11.58318
         430.00       11.61522
         440.00       11.64481
         450.00       11.67212
         460.00       11.69732
         470.00       11.72060
         480.00       11.74208
         490.00       11.76191
         500.00       11.78021
         510.00       11.79711
         520.00       11.81271
         530.00       11.82711
         540.00       11.84040
         550.00       11.85267
         560.00       11.86400
         570.00       11.87446
         580.00       11.88411
         590.00       11.89302
         600.00       11.90124
         610.00       11.90884
         620.00       11.91584
         630.00       11.92232
         640.00       11.92829
         650.00       11.93380
         660.00       11.93889
         670.00       11.94359
         680.00       11.94793
         690.00       11.95193
         700.00       11.95563
         710.00       11.95904
         720.00       11.96219
         730.00       11.96509
         740.00       11.96778
         750.00       11.97025
         760.00       11.97254
         770.00       11.97465
         780.00       11.97660
         790.00       11.97840
         800.00       11.98006
         810.00       11.98159
         820.00       11.98301
         830.00       11.98432
         840.00       11.98552
         850.00       11.98663
         860.00       11.98766
         870.00       11.98861
         880.00       11.98949
         890.00       11.99029
         900.00       11.99104
         910.00       11.99173
         920.00       11.99237
         930.00       11.99295
         940.00       11.99349
         950.00       11.99399
         960.00       11.99446
         970.00       11.99488
         980.00       11.99528
         990.00       11.99564
        1000.00       11.99597
